Matrix 1:
7 6 7 6 9 5 5 
6 5 10 7 9 9 7 
8 9 7 9 5 5 5 
8 8 7 9 9 10 5 
8 8 7 5 7 9 5 
8 9 6 9 8 7 5 
10 6 7 5 6 9 6 

Transpose of matrix 1:
7 6 8 8 8 8 10 
6 5 9 8 8 9 6 
7 10 7 7 7 6 7 
6 7 9 9 5 9 5 
9 9 5 9 7 8 6 
5 9 5 10 9 7 9 
5 7 5 5 5 5 6 

Matrix 2:
5 8 6 8 9 8 10 
10 6 6 10 5 7 5 
5 8 10 9 9 10 6 
5 8 8 5 8 10 6 
5 7 7 5 8 8 9 
10 8 9 8 9 9 5 
5 8 5 8 6 8 8 

Transpose of matrix 2:
5 10 5 5 5 10 5 
8 6 8 8 7 8 8 
6 6 10 8 7 9 5 
8 10 9 5 5 8 8 
9 5 9 8 8 9 6 
8 7 10 10 8 9 8 
10 5 6 6 9 5 8 

Main diagonal of matrix 1:
[7, 5, 7, 9, 7, 7, 6]
Secondary diagonal of matrix 1:
[5, 9, 5, 9, 7, 9, 10]
Main diagonal of matrix 2:
[5, 6, 10, 5, 8, 9, 8]
Secondary diagonal of matrix 2:
[10, 7, 9, 5, 7, 8, 5]
Sum of matrix 1 and matrix 2:
12 14 13 14 18 13 15 
16 11 16 17 14 16 12 
13 17 17 18 14 15 11 
13 16 15 14 17 20 11 
13 15 14 10 15 17 14 
18 17 15 17 17 16 10 
15 14 12 13 12 17 14 

Minus of matrix 1 and matrix 2:
2 -2 1 -2 0 -3 -5 
-4 -1 4 -3 4 2 2 
3 1 -3 0 -4 -5 -1 
3 0 -1 4 1 0 -1 
3 1 0 0 -1 1 -4 
-2 1 -3 1 -1 -2 0 
5 -2 2 -3 0 1 -2 

Product of matrix 1 and matrix 2:
280 339 329 334 351 385 324 
335 405 401 396 420 462 369 
310 361 349 367 367 412 331 
370 423 416 417 439 482 387 
330 369 361 379 382 417 340 
340 390 378 389 400 444 362 
320 374 359 378 388 419 349 

Prime numbers in matrix 1: [7, 7, 5, 5, 5, 7, 7, 7, 5, 5, 5, 7, 5, 7, 5, 7, 5, 7, 5, 7, 5]
Prime numbers in matrix 2: [5, 5, 7, 5, 5, 5, 5, 5, 7, 7, 5, 5, 5, 5]